 15.48769   250.440552    -7.997581     0.013291   -13.167836   -37.062565    -5.526092    -0.902107    -0.232046  -642.754333     6.976025     2.000000
  1.86104   208.643845    46.747158     0.002400    -4.325074    -2.362401     5.238316    -0.935266    -0.391793   -49.029709     0.796609     2.000000
  3.63062   152.513153    49.110912     0.006365   -11.063665     5.756152    14.403021    -0.934021    -0.295019   -48.048756     0.694315     2.000000
  6.33622   188.695389    17.513027     0.011298   -31.843397    -4.870105    10.164979    -0.921129    -0.216069   -78.761330     4.041385     2.000000
  7.70232   231.299789    12.177405     0.016926   -30.888231   -38.554527    10.660649    -0.913142    -0.257087   -70.954254     4.522246     2.000000
  5.00207   153.260574   -10.332200     0.004817   -12.671965     6.384263    -2.586879    -0.903160    -0.257764  -217.931168     1.295358     2.000000
  7.20924   201.629852    49.945595     0.011584   -20.716465    -8.214720    26.507935    -0.902669    -0.164353  -124.383011     3.032831     2.000000
  5.77004   211.378525   -19.535736     0.014038   -33.748074   -20.582552   -14.025855    -0.914227     0.921309   -36.311119     2.221669     2.000000
  8.16207   197.078873   -31.377325     0.022155   -53.919613   -16.566080   -34.400410    -0.936465     0.908488   -50.011017     1.224486     2.000000
  3.22016   162.925613    19.418001     0.005978   -16.134089     4.955600     5.949641    -0.920211    -0.027710   -39.238800     2.764489     2.000000
  6.68686   202.811035    43.489952     0.015996   -31.949247   -13.437465    32.879623    -0.914227     0.107215   -36.311119     2.297226     2.000000
  8.79593   216.344513   -44.080383     0.017757   -30.672340   -22.567776   -36.876949    -0.928523     1.325183   -44.128799     7.457054     2.000000
  5.12765   201.157593     2.097842     0.007282   -20.310400    -7.860599     0.797758    -0.904697     0.346259   -95.745369     3.716974     2.000000
  8.34739   134.534012    35.980106     0.016790   -28.453186    28.919802    29.454443    -0.927770     0.093573   -86.585396     4.363267     2.000000
  8.02555   130.310120     7.603364     0.016879   -32.318352    38.094856     6.668664    -0.909713     0.167216   -68.031677     3.970156     2.000000
  2.48751   165.841248    44.132637     0.004533    -9.447966     2.383468     9.453334    -0.909713     0.135133   -34.362415     1.409118     2.000000
 13.22080   168.105331    39.206928     0.016011   -36.256989     7.637026    30.226805    -0.904937    -0.037209  -348.679016     3.051777     2.000000
  2.79896   205.986313    18.519243     0.004489   -11.458851    -5.585465     4.270066    -0.912028     0.269067   -35.336437     1.974221     2.000000
 14.39988   250.336975    20.356031     0.025663   -24.123520   -67.511665    26.599478    -0.906003    -0.157462  -193.244827     3.755238     0.989500
  7.51208   152.326401    28.613546     0.009681   -22.512831    11.806273    13.867653    -0.900071    -0.327601  -180.612000     4.100448     2.000000
  6.35620   144.508759   -31.488903     0.012061   -25.032866    17.850000   -18.832493    -0.932727     2.187236   -47.068176     4.664209     2.000000
  7.17662   100.448120   -50.995705     0.011208    -3.824961    20.742430   -26.042641    -0.934021    -0.576804   -48.048756     6.998264     2.000000
  6.65408   192.382721    34.499298     0.019132   -45.960392   -10.090513    32.339180    -0.916319     0.850085   -37.286427     5.587151     2.000000
  9.36675   222.428680    31.180691     0.019523   -36.789837   -33.627529    30.162910    -0.924595    -0.016074   -82.671425     3.042583     2.000000
  8.98222   175.620605   -13.677736     0.025226   -72.827377     5.577403   -17.775322    -0.929981     0.764005   -45.108181     6.416617     1.947000
  9.58175   211.845749   -17.320692     0.024358   -58.875835   -36.569679   -21.614746    -0.931382     1.349653   -46.087978     5.281077     1.981500
 11.74308   209.148636   -64.765366     0.012771   -14.212640    -7.926463   -34.528839    -0.916319     0.807683   -37.286427     6.417980     2.000000
 12.92188   250.738892    43.060413     0.013528    -9.743170   -27.882799    27.601120    -0.903875    -0.444474  -406.733673     2.542799     2.000000
 10.44572   164.645218     7.398424     0.015818   -45.177490    12.405602     6.083417    -0.904697     0.159611  -158.822708     1.483212     2.000000
  4.48419   224.025833   -36.583488     0.007909   -13.663791   -13.206885   -14.104515    -0.935266    -0.125600   -49.029709     1.881541     2.000000
 10.86571   224.579346    -7.805229     0.029414   -61.793621   -60.892868   -11.891995    -0.904697     0.995148   -32.416481     9.397774     0.615000
 10.85765    86.556717    48.655293     0.008104     0.962058    15.989271    18.204454    -0.902439    -0.438051  -185.468109     8.363691     2.000000
 11.94116   156.250641    27.843893     0.028637   -69.010056    30.364222    39.825001    -0.915286     1.140335   -72.904251     3.452687     0.709500
  7.94308   244.734390     1.131671     0.021660   -27.567083   -58.409321     1.275869    -0.935266    -0.186652   -49.029709     5.554555     2.000000
 12.27747   133.849380    11.510778     0.024150   -48.865868    50.868999    14.364819    -0.920211     0.329868  -116.212326     3.731659     1.912000
  5.98534   180.817581   -17.951187     0.009449   -26.884193    -0.383650    -8.710775    -0.900071     0.535608   -90.887573     3.230717     2.000000
 12.91890   170.589386   -27.300329     0.019528   -51.084087     8.466640   -26.726519    -0.905447     0.635919  -223.763824     4.304843     2.000000
 10.37135   123.237061     0.070929     0.009795   -16.057434    24.503721     0.036268    -0.902592    -0.193152  -277.971710     5.487680     2.000000
  8.67930   218.026932    18.544119     0.023445   -52.199738   -40.822441    22.229301    -0.941849     0.744070   -54.922462     4.949237     2.000000
 12.26096   176.309937    41.691097     0.028633   -63.533024     4.097426    56.705711    -0.909713     1.219719   -68.031677     8.478894     0.720000
 28.00716   200.062149   -66.146088     0.026519   -30.009579   -10.959471   -72.251968    -0.913688     0.453868  -141.902435    14.293077     0.716500
 11.78091   195.950287    13.311681     0.017238   -48.155811   -13.763247    11.850142    -0.905074     0.547040  -222.791428     1.290475     2.000000
  6.67485   230.625107    75.387093     0.008364    -4.005195    -4.880362    24.215305    -0.900841    -0.206410  -152.021027     4.454005     2.000000
  9.44428   217.199509    15.178720     0.011114   -25.546797   -19.390734     8.701091    -0.901623    -0.282097  -244.554901     1.405991     2.000000
 10.07818   245.820557    38.073734     0.021055   -20.251635   -45.105217    38.731670    -0.901031    -0.290438   -91.858589     5.056608     2.000000
  6.99281   240.291687    39.954853     0.005580    -6.346937   -11.123611    10.729136    -0.904082    -0.464079  -407.705688     3.548662     2.000000
  8.83688   128.009018    85.493858     0.023024    -3.321121     4.249463    68.434685    -0.907273     0.265392   -33.389084     4.302373     2.000000
  6.97964   157.907471    -4.144629     0.010522   -29.079123    11.803391    -2.274160    -0.906003    -0.003134  -129.243622     2.362257     2.000000
 12.07399   149.345413    -6.084157     0.029988   -76.355133    45.254539    -9.460734    -0.901974     0.330119   -31.444653     7.654786     0.488000
  7.57300   121.542068    33.101559     0.024302   -31.742989    51.714588    39.558899    -0.918312     0.462991   -38.262329     4.042746     2.000000
 10.94632   210.038010    47.203815     0.022229   -38.987350   -22.543850    48.640923    -0.900071     0.128974   -90.887573     4.240207     2.000000
  4.42577   152.594742    65.000992     0.008272    -9.285153     4.814046    22.430250    -0.934021    -0.071451   -48.048756     2.504962     2.000000
 12.47140   174.900009    65.563339     0.026812   -32.910278     2.937154    72.714973    -0.916319     0.083879  -110.355209     2.506922     0.958000
  7.93252   141.868149   -54.697655     0.007263    -9.880187     7.755928   -17.738647    -0.931382    -0.046671   -46.087978     3.529455     2.000000
  4.26633   169.496246     0.924409     0.007235   -21.287830     3.946910     0.349340    -0.936465    -0.018725   -50.011017     1.163556     2.000000
  5.13066   156.520554    57.385330     0.011697   -17.287382     7.509397    29.455074    -0.918312    -0.199455   -38.262329     4.206180     2.000000
 12.44102   124.521576    72.961311     0.029649   -14.656312    21.307871    84.386314    -0.943756     0.276446   -56.889126     7.865652     0.554000
 12.03554   217.321686    -3.700613     0.018581   -44.010502   -33.553368    -3.579412    -0.913361     0.367592  -176.346161     2.101801     2.000000
 11.49164   266.682495   -47.064754     0.003342    -0.394676    -6.808745    -7.330334    -0.901432    -0.372195 -1576.304565    10.046469     0.985000
 11.79796   234.588943    58.389477     0.024997   -22.624849   -31.823246    63.442505    -0.900553    -0.086177  -121.469040     3.485300     1.875000
 12.22583   229.177948   -27.693270     0.028777   -49.594315   -57.410866   -39.819016    -0.904697     0.697269   -64.139816     5.851343     0.696000
 10.62743   174.926895    11.431200     0.027525   -80.036850     7.105233    16.247263    -0.903355     1.523037   -63.167786     1.169167     0.932500
  6.28751   116.381042    48.607582     0.014036   -12.321396    24.841915    31.461590    -0.928523     0.028932   -44.128799     2.730762     2.000000
  8.28846   173.257446   -41.575428     0.026027   -57.608856     6.810868   -51.459263    -0.904697    -0.068753   -32.416481     3.650617     1.928000
 13.93215   201.539368    68.479523     0.018659   -19.003084    -7.500599    51.809731    -0.905224    -0.188839  -318.187958     3.384921     2.000000
 10.46857   241.451309   -15.872617     0.029877   -40.881496   -75.141991   -24.323393    -0.901974     1.058545   -31.444653     8.434930     0.487500
  8.19667   196.644745    21.023348     0.026456   -70.486710   -21.072958    28.275023    -0.904697     3.188181   -32.416481     4.881433     1.884500
  6.06231   183.152298    -3.357997     0.013664   -40.699791    -2.241491    -2.391693    -0.937620     0.249774   -50.992668     3.732602     2.000000
  5.66910   121.869919    31.442417     0.003249    -4.384599     7.052401     5.077397    -0.902953    -0.490244  -525.728943     4.177898     1.983500
  9.86264   201.834244     7.056689     0.027304   -74.918663   -30.017302     9.990813    -0.932727     1.695031   -47.068176     7.583092     0.979000
 18.56005   107.787239     9.088452     0.022819   -20.523672    63.972675    10.747285    -0.914936     0.183842  -108.404388    12.858838     1.812500
  5.28114   189.675430    38.605885     0.007050   -16.253147    -2.771031    13.164711    -0.901974    -0.031421  -123.411484     1.150182     2.000000
  6.62760   111.779495    46.356762     0.024225   -18.490843    46.278431    52.253704    -0.901974     1.030216   -31.444653     4.623869     2.000000
 23.93843   132.712784   -43.054611     0.021868   -32.326374    35.016068   -44.525188    -0.902669     0.154282  -124.383011    13.775489     1.720000
  6.89551   226.773346   -21.854818     0.016702   -31.702608   -33.728397   -18.565624    -0.904697     0.145782   -64.139816     3.874261     2.000000
  6.29829   110.043411    30.646776     0.020555   -18.081816    49.562515    31.259089    -0.909713     0.644568   -34.362415     4.355159     2.000000
 13.88331   230.046677    26.504910     0.028614   -48.962353   -58.447701    38.022991    -0.908914     0.163816  -100.609596     3.584299     0.678000
 11.15350   163.682907   -25.448801     0.027395   -70.708641    20.699560   -35.060978    -0.910886     0.139595   -69.005539     3.312089     0.928500
  8.58097   229.203903     3.539934     0.024579   -47.772041   -55.352085     4.523153    -0.928523     0.389145   -44.128799     1.983816     1.995500
  3.58764   351.452698    83.359535     0.003591     1.229935    -0.184854    10.683322    -0.909713    -0.467834   -34.362415     3.402740     2.000000
  9.63155   155.350143   -10.077359     0.022426   -59.842255    27.460936   -11.701448    -0.904697     0.508038   -64.139816     6.427411     2.000000
  8.15159   190.262665    -1.144189     0.027139   -79.526947   -14.398971    -1.614181    -0.904697     0.461865   -32.416481     7.487025     1.825000
 12.31382   143.072281    54.955769     0.020870   -28.577183    21.477980    50.970425    -0.909713     0.416915  -168.552368     3.657440     2.000000
